0.000000000000000000e+00 3.058461156329140174e+00 9.428384983912110884e-02 1.381570523418486074e-01
7.778167724609375000e-02 3.058133559161797077e+00 9.325940161871230927e-02 1.366844837129308488e-01
1.565885543823242188e-01 3.057579163955524759e+00 9.241823767400635103e-02 1.382725478823333964e-01
2.383613586425781250e-01 3.058687954368069839e+00 9.243519219789986252e-02 1.381720132279138369e-01
3.171656131744384766e-01 3.058486356111243420e+00 9.327387410261092637e-02 1.376517794851876697e-01
3.969521522521972656e-01 3.059091150881722676e+00 9.280138375664505335e-02 1.370197233241485513e-01
4.767415523529052734e-01 3.058284757854417002e+00 9.449114111283395123e-02 1.365264758305135828e-01
5.574998855590820312e-01 3.058335157418623496e+00 9.262247368045024853e-02 1.358688186526270103e-01
6.388251781463623047e-01 3.059116350663825923e+00 9.396095902545623102e-02 1.377494391513049976e-01
7.173025608062744141e-01 3.059821944562718166e+00 9.401494854000780332e-02 1.364326922314327284e-01
7.980668544769287109e-01 3.057856361558660918e+00 9.329309084324061141e-02 1.361422120479729991e-01
8.778533935546875000e-01 3.057100368095561738e+00 9.419961077261349014e-02 1.370080779048707120e-01
9.576404094696044922e-01 3.057251566788181663e+00 9.222621936938461829e-02 1.381864967277703915e-01
1.037471771240234375e+00 3.057226367006078416e+00 9.283274845968454703e-02 1.374311222905977292e-01
1.117269992828369141e+00 3.059418748049065329e+00 9.206000052717201732e-02 1.377610228419439142e-01
1.197590827941894531e+00 3.064131107302382695e+00 9.335387964052177523e-02 1.378007616358460641e-01
1.277387857437133789e+00 3.063979908609762770e+00 9.431550637966547301e-02 1.379585309073813604e-01
1.358146667480468750e+00 3.064811501419171691e+00 9.313173167295468735e-02 1.397322366225056955e-01
1.438955068588256836e+00 3.064962700111791616e+00 9.536786019140175430e-02 1.372854573867875183e-01
1.518720626831054688e+00 3.065189498150721281e+00 9.289367355841171570e-02 1.385077279921485827e-01
1.597507476806640625e+00 3.066978682680055357e+00 9.404716751308193901e-02 1.376476818348549847e-01
1.678309202194213867e+00 3.068037073528393943e+00 9.333563507833536610e-02 1.383037883159185244e-01
1.758095026016235352e+00 3.067936274399980956e+00 9.366568104746143819e-02 1.367503291286148726e-01
1.839858531951904297e+00 3.067709476361051291e+00 9.266644109058402856e-02 1.370368795497257375e-01
1.918648242950439453e+00 3.069171063723042714e+00 9.387941885252257257e-02 1.382526881535043883e-01
1.998452186584472656e+00 3.068717467645183383e+00 9.401902472220791118e-02 1.367155170501094807e-01
2.078220367431640625e+00 3.068263871567323609e+00 9.380657784381096764e-02 1.373136355957495502e-01
2.158030748367309570e+00 3.067583477450534613e+00 9.307272972489166740e-02 1.380729192117618742e-01
2.239788055419921875e+00 3.067205480718985022e+00 9.318483284206419137e-02 1.368834516080467689e-01
2.318601608276367188e+00 3.066197489434853374e+00 9.263663670462642108e-02 1.379341844973847042e-01
2.398894309997558594e+00 3.064458704469725348e+00 9.432595117792942629e-02 1.373331936158835309e-01
2.478163957595825195e+00 3.064458704469725348e+00 9.273956067111498169e-02 1.361256287496862283e-01
2.557933568954467773e+00 3.061888326695188844e+00 9.443033736753156382e-02 1.383045578556105770e-01
2.640719175338745117e+00 3.061913526477292091e+00 9.281664929128891073e-02 1.379509204119742372e-01
2.718239545822143555e+00 3.061535529745742501e+00 9.365986889597517628e-02 1.378924078476682080e-01
2.799003601074218750e+00 3.062215923862531941e+00 9.373985557558192627e-02 1.372827208981993174e-01
2.878785371780395508e+00 3.064156307084485942e+00 9.413379378270389508e-02 1.368938653258194860e-01
2.958570718765258789e+00 3.065567494882270871e+00 9.388908715728225274e-02 1.384152039291363379e-01
3.039355754852294922e+00 3.067684276578948044e+00 9.286843690690199660e-02 1.381437758065343080e-01
3.119142770767211914e+00 3.069473461108282120e+00 9.326681816996162944e-02 1.369832428146667558e-01
3.198927164077758789e+00 3.072195037575438548e+00 9.200367813611892709e-02 1.390199984825170043e-01
3.278733253479003906e+00 3.072925831256434481e+00 9.391537734086684297e-02 1.365784620838933761e-01
3.358502388000488281e+00 3.073681824719533218e+00 9.228554269262764786e-02 1.375732362347491244e-01
3.439285278320312500e+00 3.074689816003665310e+00 9.300819860867658162e-02 1.373275437868927695e-01
3.519099950790405273e+00 3.072220237357541794e+00 9.237968126813067560e-02 1.373626512563247415e-01
3.598885774612426758e+00 3.071917839972302389e+00 9.364475798032551035e-02 1.377024278251753886e-01
3.680150270462036133e+00 3.071716241715475970e+00 9.422869399474578800e-02 1.371091094259840049e-01
3.758939266204833984e+00 3.069448261326178873e+00 9.419775902872208617e-02 1.381648526265891463e-01
3.838725805282592773e+00 3.066525086602196026e+00 9.426238950644857950e-02 1.379697302730950592e-01
3.919532060623168945e+00 3.063954708827659523e+00 9.237704141895616838e-02 1.375822394662229720e-01
3.999319076538085938e+00 3.064131107302382695e+00 9.395828349327312035e-02 1.356621368950784445e-01
4.080594539642333984e+00 3.062392322337254669e+00 9.519592799403750472e-02 1.373755115107783698e-01
4.159401655197143555e+00 3.063047516671940862e+00 9.351286673469816346e-02 1.377488335782246498e-01
4.239624500274658203e+00 3.062896317979320937e+00 9.399616224371912243e-02 1.366733048213754631e-01
4.319408178329467773e+00 3.063375113839283514e+00 9.272198550226783131e-02 1.381870997297599546e-01
4.399218082427978516e+00 3.066625885730609458e+00 9.345407492188936849e-02 1.372361403936151469e-01
4.480974912643432617e+00 3.070733450213447124e+00 9.345471287885052936e-02 1.379563895584771938e-01
4.559793949127197266e+00 3.072547834524884891e+00 9.367578609497538566e-02 1.379000156669460408e-01
4.640550136566162109e+00 3.076982996175065654e+00 9.293888247755326126e-02 1.373254186278365929e-01
4.719403505325317383e+00 3.080662164362147237e+00 9.222672700275864888e-02 1.368110599431223429e-01
4.799168348312377930e+00 3.082778946058824854e+00 9.256389830228504978e-02 1.387177666508178919e-01
4.879956722259521484e+00 3.085752520347014194e+00 9.375005831410067325e-02 1.365354040526293722e-01
4.959182262420654297e+00 3.088902493109926706e+00 9.265519332065962066e-02 1.364960033003909112e-01
5.039415836334228516e+00 3.091901267180219293e+00 9.341387728954719805e-02 1.368373704442495953e-01
5.119180202484130859e+00 3.094320446262136315e+00 9.516130411967388403e-02 1.372286856061473714e-01
5.200161695480346680e+00 3.096412028176709796e+00 9.367652991763737724e-02 1.381319091302673774e-01
5.279397249221801758e+00 3.098402810962870735e+00 9.423896439004901537e-02 1.386403245306876419e-01
5.360158443450927734e+00 3.099058005297556484e+00 9.337245180881130480e-02 1.402777545115497237e-01
5.439943790435791016e+00 3.101703982418403172e+00 9.458647676125145343e-02 1.382690688069880547e-01
5.519760370254516602e+00 3.103921563243493331e+00 9.382280156417102668e-02 1.379964189245233563e-01
5.599535226821899414e+00 3.104425558885559600e+00 9.333529388640891822e-02 1.382720201771125701e-01
5.680318355560302734e+00 3.107676330776885099e+00 9.420605503166493144e-02 1.386235361323711057e-01
5.760108470916748047e+00 3.108759921407326932e+00 9.397464281834511102e-02 1.399143685495236600e-01
5.839891672134399414e+00 3.110322307897731786e+00 9.459729356747000051e-02 1.400671660761099169e-01
5.919661045074462891e+00 3.112539888722821946e+00 9.510010799918133806e-02 1.390261517477194564e-01
6.000443696975708008e+00 3.113875477174297135e+00 9.399372712759436477e-02 1.411947731567817499e-01
6.080230712890625000e+00 3.116949850590899462e+00 9.489128704858866559e-02 1.388541869670729123e-01
6.160046100616455078e+00 3.117857042746618568e+00 9.441818514045925703e-02 1.395555871456911068e-01
6.240047454833984375e+00 3.120175422700122159e+00 9.457061006866517017e-02 1.393283515155631647e-01
6.322056293487548828e+00 3.122090606139972913e+00 9.401827805058318721e-02 1.396626678757064421e-01
6.399872303009033203e+00 3.124081388926133407e+00 9.356316237862064011e-02 1.397710893177222524e-01
6.480633258819580078e+00 3.126021772148087408e+00 9.441842708924191863e-02 1.389444660307243284e-01
6.561417341232299805e+00 3.127080162996426438e+00 9.562029738102006959e-02 1.397849759667663394e-01
6.640207052230834961e+00 3.129600141206756447e+00 9.450772291773631983e-02 1.402143670446851786e-01
6.721985578536987305e+00 3.132498116148635603e+00 9.461736167567505462e-02 1.397647050602731644e-01
6.800776958465576172e+00 3.135522090001031881e+00 9.452611038817738953e-02 1.403675354815070997e-01
6.880563497543334961e+00 3.140184049690142309e+00 9.507383555681049592e-02 1.408711208345521382e-01
6.960348844528198242e+00 3.145677602188661659e+00 9.424547274796246654e-02 1.404290417285748716e-01
7.040158748626708984e+00 3.150440361006185519e+00 9.439691756591800376e-02 1.405593385517646676e-01
7.121929407119750977e+00 3.155278719170019119e+00 9.464346387879588041e-02 1.409790728727117748e-01
7.200729846954345703e+00 3.158756289100274284e+00 9.502784974576941601e-02 1.410923371192903675e-01
7.280534982681274414e+00 3.160117077333852720e+00 9.413227969140737506e-02 1.404704713319495923e-01
7.360304355621337891e+00 3.161956661427393733e+00 9.554177635732657992e-02 1.418516599612528184e-01
7.440034389495849609e+00 3.164073443124070906e+00 9.433162086677733538e-02 1.405872134385042493e-01
7.522142648696899414e+00 3.165787028307095241e+00 9.527992892096334709e-02 1.410712206451209538e-01
7.600946664810180664e+00 3.166618621116504162e+00 9.552295998490314966e-02 1.409124437207388281e-01
7.680737733840942383e+00 3.168307006517425251e+00 9.483881439323428586e-02 1.403263586127956597e-01
7.760537624359130859e+00 3.168811002159491075e+00 9.560298067242081754e-02 1.412528761348104955e-01
7.840291976928710938e+00 3.169239398455247159e+00 9.398307125711918841e-02 1.415256926843832530e-01
7.922081470489501953e+00 3.168861401723697568e+00 9.389687726521406264e-02 1.412019720642279652e-01
8.000886678695678711e+00 3.163619847046211575e+00 9.417440531642937152e-02 1.403149419901666972e-01
8.081648111343383789e+00 3.162511056633666051e+00 9.491502563903783662e-02 1.407298010363067786e-01
8.160465717315673828e+00 3.162889053365215641e+00 9.419616455589543969e-02 1.407617317978770433e-01
8.241230726242065430e+00 3.163796245520934303e+00 9.429110544014088213e-02 1.397953970336288931e-01
8.320792675018310547e+00 3.163468648353591650e+00 9.554489734198674811e-02 1.400292057205677898e-01
8.400605678558349609e+00 3.162939452929422135e+00 9.370672806572369340e-02 1.414175949040909763e-01
8.480670452117919922e+00 3.165409031575545651e+00 9.480375190179329836e-02 1.398703025241923303e-01
8.561454057693481445e+00 3.167500613490119576e+00 9.437572587039952388e-02 1.407515105701067359e-01
8.641241312026977539e+00 3.168735402813181334e+00 9.375449798766051501e-02 1.421807753158598753e-01
8.721026420593261719e+00 3.171305780587717837e+00 9.453014345840279886e-02 1.407771064706271336e-01
8.800837039947509766e+00 3.172565769692882842e+00 9.476015093451466142e-02 1.412072034612778249e-01
8.881597042083740234e+00 3.176748933522030693e+00 9.444104436595129881e-02 1.416765061318912000e-01
8.962737798690795898e+00 3.175791341802105094e+00 9.522276048961654527e-02 1.413550907431245507e-01
9.041688680648803711e+00 3.176043339623138451e+00 9.555535086577494897e-02 1.413924226285938612e-01
9.121492385864257812e+00 3.177404127856716443e+00 9.519871305649713067e-02 1.413076050968241071e-01
9.202259540557861328e+00 3.178739716308191632e+00 9.503733654182755508e-02 1.410784608811324059e-01
9.281074285507202148e+00 3.180201303670182611e+00 9.467822178424149804e-02 1.412802846586442285e-01
9.362518548965454102e+00 3.180201303670182611e+00 9.404734860707632260e-02 1.411105906794971332e-01
9.441151142120361328e+00 3.180377702144905783e+00 9.571627979927938012e-02 1.415633364292022134e-01
9.520954847335815430e+00 3.180856498004868804e+00 9.507112895382083262e-02 1.409118656273979642e-01
9.601299524307250977e+00 3.180957297133281791e+00 9.579587389880260540e-02 1.412467076685466338e-01
9.681197404861450195e+00 3.180100504541769624e+00 9.448710180786777657e-02 1.411393062043523328e-01
9.762360572814941406e+00 3.179168112603947716e+00 9.388373494566483457e-02 1.412291995356112773e-01
9.841148376464843750e+00 3.177857723934575773e+00 9.511227799000109007e-02 1.413359551028478267e-01
9.920936346054077148e+00 3.176370936790481103e+00 9.515679788864489508e-02 1.416690947889646113e-01
1.000172019004821777e+01 3.175715742455795354e+00 9.486054793063555812e-02 1.424751627033679913e-01
1.008250355720520020e+01 3.174984948774799864e+00 9.495529485847317708e-02 1.414638380464061096e-01
1.016328597068786621e+01 3.174002157272771019e+00 9.522781405770862351e-02 1.424306356936532736e-01
1.024107789993286133e+01 3.173145364681258851e+00 9.449965931405766850e-02 1.415458496142271150e-01
1.032188606262207031e+01 3.173296563373878776e+00 9.612440568652950990e-02 1.415148106060631350e-01
1.040118241310119629e+01 3.172792567731812508e+00 9.453448816470325089e-02 1.409055264172378308e-01
1.048195004463195801e+01 3.172364171436056424e+00 9.534995589596295673e-02 1.417751202989714077e-01
1.056174325942993164e+01 3.172288572089746683e+00 9.542520282565911116e-02 1.408307028488682278e-01
1.064152097702026367e+01 3.171532578626647503e+00 9.544794918810776962e-02 1.407184229073594750e-01
1.072130680084228516e+01 3.172364171436056424e+00 9.481482137137338395e-02 1.418723278405568944e-01
1.080209183692932129e+01 3.171759376665577168e+00 9.590337390122255501e-02 1.418264606632716196e-01
1.088227343559265137e+01 3.170196990175172758e+00 9.522041076701402706e-02 1.408020253875510719e-01
1.096221804618835449e+01 3.170549787124619101e+00 9.416327198858311098e-02 1.416860422277697040e-01
1.104200577735900879e+01 3.171784576447680415e+00 9.578096824299653367e-02 1.404398732611003564e-01
1.112179279327392578e+01 3.171431779498234516e+00 9.518333692947707203e-02 1.415250934207856470e-01
1.120357346534729004e+01 3.171507378844544256e+00 9.583800147265633673e-02 1.408653917146474865e-01
1.128237438201904297e+01 3.169995391918346339e+00 9.544554863728196836e-02 1.417594615533182001e-01
1.136216664314270020e+01 3.170121390828862573e+00 9.590424368313972547e-02 1.417295081362296427e-01
1.144293332099914551e+01 3.169541795840487008e+00 9.443667776225017629e-02 1.425337781707562423e-01
1.152175045013427734e+01 3.169692994533106489e+00 9.479734493218643088e-02 1.425269791145224729e-01
1.160450196266174316e+01 3.168483404992148422e+00 9.524755396048478762e-02 1.431653493432475388e-01
1.168331336975097656e+01 3.168584204120561409e+00 9.585335679842454937e-02 1.423092142885288292e-01
1.176409792900085449e+01 3.167248615669086664e+00 9.426141682764323237e-02 1.413225554092166769e-01
1.184288573265075684e+01 3.166719420244917149e+00 9.444774258649552001e-02 1.412244460216251773e-01
1.192376422882080078e+01 3.166946218283846815e+00 9.639025160574551943e-02 1.405083720006398418e-01
1.200356268882751465e+01 3.164602638548239977e+00 9.633971464657578587e-02 1.410022107666017710e-01
1.208233880996704102e+01 3.163569447482004637e+00 9.383441877715947843e-02 1.430952940697853837e-01
1.216214823722839355e+01 3.162309458376839633e+00 9.526269941839544952e-02 1.411532182316201645e-01
1.224290871620178223e+01 3.160696672322228729e+00 9.526248025761932525e-02 1.414935510092558135e-01
