0.000000000000000000e+00 3.043366486849263364e+00 8.429269837215543071e-02 1.418372648023068783e-01
8.175611495971679688e-02 3.042635693168267430e+00 8.393440055927098298e-02 1.410645162559489851e-01
1.595928668975830078e-01 3.041804100358858509e+00 8.350297070532769483e-02 1.425658347555285310e-01
2.403588294982910156e-01 3.043013689899817020e+00 8.442863651688004012e-02 1.415007709470168240e-01
3.201968669891357422e-01 3.042635693168267430e+00 8.459054280884757693e-02 1.413166461456848433e-01
3.999772071838378906e-01 3.044172879876569038e+00 8.568288530381572288e-02 1.408924832339108757e-01
4.827373027801513672e-01 3.043870482491329188e+00 8.465713146460600302e-02 1.401756003181251764e-01
5.601167678833007812e-01 3.044298878787085272e+00 8.613334317510631943e-02 1.422978079149542496e-01
6.408841609954833984e-01 3.043870482491329188e+00 8.407693339724478521e-02 1.412593190396744802e-01
7.207090854644775391e-01 3.043290887502953623e+00 8.376494536191020357e-02 1.415635050572469633e-01
8.004629611968994141e-01 3.043341287067160117e+00 8.416724439414748071e-02 1.405528749450960790e-01
8.822433948516845703e-01 3.042308096000924778e+00 8.429678406447868588e-02 1.412814317807984943e-01
9.600539207458496094e-01 3.043794883145019448e+00 8.382675533824587855e-02 1.422205562292485348e-01
1.040837049484252930e+00 3.043568085106089782e+00 8.428711503687924544e-02 1.416514330052847104e-01
1.120623350143432617e+00 3.044903673557564527e+00 8.535971161915445471e-02 1.410350277250879136e-01
1.200415849685668945e+00 3.044702075300738109e+00 8.370090206648740649e-02 1.408176031529854988e-01
1.281176328659057617e+00 3.044273679004982025e+00 8.520081767675095896e-02 1.419965927466989575e-01
1.360965490341186523e+00 3.046340061137452704e+00 8.451288574928648989e-02 1.413714452163064572e-01
1.440752029418945312e+00 3.045407669199630796e+00 8.385800220088032719e-02 1.430268905014896730e-01
1.522530317306518555e+00 3.045508468328043783e+00 8.567052205256019126e-02 1.413596690536589595e-01
1.600322961807250977e+00 3.043946081837639372e+00 8.536133946249413462e-02 1.425915238844608357e-01
1.680109024047851562e+00 3.046718057869002294e+00 8.447719807545914228e-02 1.417064145829968480e-01
1.760919332504272461e+00 3.045936864623799867e+00 8.616265069686268596e-02 1.413649731628078277e-01
1.840680122375488281e+00 3.037293339362368005e+00 8.403147313670054908e-02 1.418430414212615009e-01
1.922487020492553711e+00 3.036058550039306247e+00 8.333221299904022827e-02 1.416480540325236459e-01
2.001297712326049805e+00 3.028775813011452378e+00 8.495228305232076227e-02 1.412034695862775802e-01
2.081062316894531250e+00 3.029027810832485734e+00 8.486916666545933630e-02 1.429645603319747438e-01
2.160848855972290039e+00 3.062115124734118510e+00 8.445363720556699205e-02 1.399917759969293851e-01
2.241851806640625000e+00 3.046491259830072629e+00 8.498757307553894691e-02 1.411629802495676655e-01
2.322666406631469727e+00 3.049464834118261969e+00 8.505577889637551403e-02 1.410253303236469191e-01
2.401152849197387695e+00 3.052841604920104146e+00 8.531382429509846987e-02 1.413467864529556750e-01
2.481469154357910156e+00 3.046692858086899047e+00 8.407465465495735091e-02 1.409773836639048594e-01
2.561276197433471680e+00 3.049389234771952228e+00 8.420175569624567535e-02 1.402237977953677273e-01
2.641038656234741211e+00 3.046642458522692110e+00 8.427766988238373502e-02 1.413322334291703120e-01
2.721330881118774414e+00 3.045080072032287699e+00 8.278273660394147582e-02 1.405733882102622734e-01
2.803113937377929688e+00 3.044828074211254787e+00 8.465572505271254378e-02 1.404842430872569325e-01
2.880932807922363281e+00 3.043593284888193029e+00 8.453870017604006581e-02 1.401379568062579850e-01
2.961717128753662109e+00 3.042786891860887355e+00 8.367787992327810342e-02 1.399481902498299069e-01
3.041503667831420898e+00 3.042761692078784108e+00 8.511697906830333060e-02 1.402771045676609318e-01
3.121281147003173828e+00 3.043240487938746686e+00 8.560821203620565256e-02 1.398769149656630406e-01
3.201047420501708984e+00 3.040216514086350852e+00 8.445580312433517700e-02 1.409496674834692931e-01
3.281831741333007812e+00 3.041627701884135782e+00 8.444186377433227086e-02 1.396484268624212377e-01
3.363626718521118164e+00 3.040644910382106936e+00 8.431764033514876910e-02 1.409298090924970825e-01
3.442012310028076172e+00 3.043694084016606016e+00 8.350157441566223582e-02 1.418724070969132611e-01
3.521849155426025391e+00 3.045231270724907624e+00 8.378721557934884490e-02 1.408687065916019721e-01
3.601629734039306641e+00 3.043190088374540192e+00 8.321262375095656028e-02 1.407615253790013565e-01
3.681909084320068359e+00 3.044046880966052360e+00 8.313875322932687273e-02 1.398650617222217674e-01
3.762881994247436523e+00 3.042156897308304853e+00 8.316516416141717105e-02 1.409606331870575935e-01
3.842211723327636719e+00 3.040770909292623614e+00 8.479392912532679460e-02 1.397382322525881071e-01
3.922996044158935547e+00 3.041526902755722350e+00 8.429318961742883476e-02 1.406871643413933060e-01
4.001795530319213867e+00 3.042786891860887355e+00 8.350123501877290688e-02 1.403011545554891937e-01
4.081571578979492188e+00 3.043971281619742619e+00 8.500748044498522560e-02 1.399189392303943902e-01
4.163334131240844727e+00 3.042534894039854443e+00 8.408860376317692231e-02 1.400354229254741067e-01
4.242155313491821289e+00 3.043013689899817020e+00 8.384827508863504364e-02 1.402150682364792511e-01
4.323019981384277344e+00 3.044979272903874712e+00 8.414718512180024979e-02 1.404520737470769665e-01
4.401831865310668945e+00 3.043668884234502769e+00 8.443568968928198692e-02 1.398068184339071873e-01
4.482621908187866211e+00 3.041879699705168694e+00 8.516690123061769480e-02 1.405195319253085273e-01
4.563374757766723633e+00 3.043290887502953623e+00 8.469848522916068045e-02 1.419920335914261200e-01
4.643173217773437500e+00 3.042761692078784108e+00 8.362810254259610276e-02 1.407561315211229014e-01
4.722952842712402344e+00 3.043744483580812954e+00 8.453450069707217629e-02 1.407610905282041247e-01
4.804734706878662109e+00 3.040544111253693504e+00 8.447195720795958040e-02 1.413129361454313893e-01
4.882550716400146484e+00 3.041426103627309363e+00 8.416975188273000119e-02 1.406666039876291741e-01
4.964307069778442383e+00 3.041904899487271940e+00 8.466134962651142293e-02 1.400139869079429777e-01
5.043097019195556641e+00 3.043946081837639372e+00 8.430187365299877944e-02 1.404997466768622971e-01
5.122912406921386719e+00 3.046995255472138453e+00 8.487271496781609303e-02 1.407871540360659812e-01
5.202689409255981445e+00 3.049112037168815625e+00 8.307619183041267674e-02 1.415699957967159750e-01
5.283469915390014648e+00 3.049943629978224546e+00 8.436268055577438030e-02 1.402989193016063729e-01
5.363390922546386719e+00 3.052337609278038322e+00 8.444745020986588191e-02 1.405910070220523500e-01
5.442204713821411133e+00 3.052766005573794406e+00 8.410861720165425937e-02 1.402697259454732670e-01
5.523036003112792969e+00 3.052917204266413886e+00 8.503504791330691870e-02 1.404386754935905979e-01
5.604768991470336914e+00 3.053874795986339485e+00 8.510895725803041545e-02 1.416506485912365776e-01
5.682743787765502930e+00 3.056596372453495913e+00 8.370176495864740940e-02 1.408970778557990244e-01
5.763507366180419922e+00 3.058410756764933680e+00 8.390317011213029030e-02 1.412399015047134665e-01
5.843292713165283203e+00 3.062518321247771347e+00 8.389092563396155500e-02 1.406246271492885835e-01
5.923098564147949219e+00 3.064231906430795682e+00 8.429506283159125812e-02 1.406461279642694517e-01
6.004860639572143555e+00 3.068389870477840287e+00 8.450615239351863539e-02 1.416806058694569936e-01
6.084665298461914062e+00 3.071943039754405635e+00 8.608310522605802650e-02 1.406926398939793155e-01
6.163437366485595703e+00 3.074589016875252323e+00 8.476032413567484436e-02 1.408460209908310168e-01
6.243248224258422852e+00 3.077713789856061144e+00 8.437488446188637359e-02 1.415006413949873587e-01
6.323029041290283203e+00 3.081644955864176083e+00 8.581209053184983560e-02 1.411209824628926746e-01
6.404790639877319336e+00 3.085172925358638185e+00 8.501709015528688407e-02 1.420039524073376525e-01
6.483619451522827148e+00 3.088474096814170622e+00 8.462787781869460235e-02 1.414547483719437726e-01
6.563417196273803711e+00 3.092077665654942464e+00 8.502590512060338723e-02 1.419845696049917561e-01
6.643199443817138672e+00 3.095177238853648483e+00 8.585864882331011028e-02 1.413962535412122412e-01
6.723973035812377930e+00 3.096840424472466324e+00 8.469678407293004807e-02 1.421130091908913429e-01
6.803771018981933594e+00 3.101401585033163322e+00 8.425036766816919320e-02 1.413845666030567882e-01
6.883168697357177734e+00 3.103140369998291348e+00 8.467329915025614828e-02 1.436538764372845278e-01
6.963484525680541992e+00 3.105332751041278261e+00 8.661638347970940233e-02 1.426878183100728781e-01
7.045246839523315430e+00 3.106340742325410353e+00 8.475909357482286355e-02 1.431601311657210163e-01
7.123066902160644531e+00 3.109112718356773275e+00 8.567139155477900003e-02 1.419715168519761206e-01
7.203846931457519531e+00 3.110019910512491936e+00 8.539950671295198914e-02 1.420534373096643821e-01
7.284113883972167969e+00 3.111985493516549628e+00 8.578969636077937722e-02 1.429990611474848961e-01
7.363900423049926758e+00 3.111078301360830523e+00 8.522236743286608351e-02 1.416598942670341532e-01
7.444684267044067383e+00 3.113799877827986951e+00 8.578902640515288780e-02 1.427925530290320988e-01
7.523473739624023438e+00 3.116546654077246625e+00 8.470326843336119238e-02 1.427405475913879063e-01
7.603259801864624023e+00 3.120452620303258318e+00 8.604905023552671117e-02 1.428323014549685022e-01
7.684043884277343750e+00 3.119999024225398987e+00 8.576623453272329278e-02 1.435661133630002362e-01
7.763857364654541016e+00 3.122871799385174896e+00 8.502346512969068126e-02 1.426725239077873963e-01
7.846610307693481445e+00 3.124660983914509416e+00 8.487648553298277054e-02 1.418788468495094379e-01
7.924401998519897461e+00 3.127609358420595509e+00 8.653956567597258231e-02 1.422601862791339211e-01
8.003212213516235352e+00 3.130053737284615778e+00 8.620213791381450830e-02 1.428108281329348583e-01
8.083998918533325195e+00 3.133506107432767696e+00 8.664626067923425490e-02 1.421148848511518403e-01
8.163779735565185547e+00 3.134640097627416466e+00 8.497371461683708715e-02 1.430668648452207148e-01
8.244604587554931641e+00 3.136857678452506626e+00 8.559903311090606703e-02 1.429657246696986184e-01
8.323401212692260742e+00 3.137361674094572450e+00 8.619713935364264890e-02 1.424537234812122410e-01
8.403513908386230469e+00 3.138470464507117974e+00 8.462535149807000334e-02 1.440899697380560174e-01
8.484295845031738281e+00 3.140284848818555297e+00 8.680154372843858213e-02 1.434448514439344569e-01
8.563610553741455078e+00 3.139377656662836635e+00 8.648420697279350644e-02 1.429487102304997093e-01
8.644401073455810547e+00 3.142351230951025975e+00 8.591365938070678887e-02 1.434725879432905415e-01
8.724692583084106445e+00 3.142552829207852394e+00 8.549277235895856586e-02 1.432680932601403112e-01
8.804485082626342773e+00 3.143208023542538143e+00 8.525509271896493380e-02 1.440680420717768973e-01
8.884276390075683594e+00 3.144619211340323073e+00 8.511916221016860296e-02 1.425396714962109401e-01
8.964058160781860352e+00 3.146383196087553902e+00 8.492501643071245776e-02 1.429961539994884234e-01
9.044849395751953125e+00 3.146962791075929911e+00 8.615375573073316695e-02 1.422141263228818564e-01
9.124629259109497070e+00 3.148777175387367677e+00 8.459220778285721221e-02 1.425463524046809427e-01
9.204415082931518555e+00 3.149659167760983092e+00 8.625065187263450395e-02 1.426038605207578525e-01
9.286180019378662109e+00 3.151372752944007427e+00 8.630121425171211058e-02 1.442059870878054373e-01
9.364960908889770508e+00 3.153917930936440683e+00 8.715671086407805745e-02 1.448193157612587267e-01
9.444748163223266602e+00 3.155303918952122366e+00 8.563398465188837294e-02 1.434185047269957436e-01
9.524552583694458008e+00 3.157823897162452376e+00 8.563859487785593916e-02 1.445673064020604193e-01
9.604352474212646484e+00 3.158529491061344618e+00 8.544929195328611338e-02 1.434663449618562570e-01
9.685117006301879883e+00 3.160772271668538469e+00 8.633608748511518993e-02 1.440926648922586373e-01
9.764954805374145508e+00 3.162763054454698963e+00 8.538346798247169189e-02 1.452389897006634567e-01
9.844708204269409180e+00 3.163897044649347734e+00 8.576543857900847945e-02 1.444837805956344368e-01
9.925493240356445312e+00 3.164350640727207065e+00 8.577741001436813006e-02 1.451903650368481236e-01
1.000527858734130859e+01 3.166517821988090731e+00 8.567020563843025238e-02 1.441946120354829219e-01
1.008685994148254395e+01 3.166921018501743568e+00 8.675036169807001651e-02 1.450725237376217502e-01
1.016465139389038086e+01 3.167072217194363493e+00 8.664924140079402481e-02 1.440482590410425978e-01
1.024543499946594238e+01 3.167147816540673233e+00 8.657444076095995034e-02 1.441901512774981797e-01
1.032473015785217285e+01 3.166013826346024906e+00 8.599912976245321916e-02 1.436602659268070847e-01
1.040451622009277344e+01 3.166039026128128153e+00 8.580442444142201419e-02 1.443617999380950867e-01
1.048480820655822754e+01 3.165308232447132664e+00 8.565442721085465838e-02 1.449525541958323893e-01
1.056509923934936523e+01 3.165358632011339157e+00 8.664763383722255685e-02 1.441020049327182140e-01
1.064488577842712402e+01 3.164350640727207065e+00 8.582594109984127695e-02 1.432751533670617028e-01
1.072568821907043457e+01 3.162889053365215641e+00 8.768635840804120396e-02 1.445298265963260997e-01
1.080548381805419922e+01 3.163317449660971725e+00 8.646080995831208205e-02 1.435887115117196466e-01
1.088527202606201172e+01 3.161477865567430712e+00 8.551532803171384145e-02 1.441575664554615999e-01
1.096505284309387207e+01 3.160520273847505557e+00 8.595425210333958177e-02 1.447837857120692351e-01
1.104581379890441895e+01 3.160318675590679138e+00 8.598403166760433536e-02 1.438220569244129110e-01
1.112559962272644043e+01 3.160394274936988879e+00 8.559324013957303467e-02 1.444497284801386783e-01
1.120541644096374512e+01 3.159613081691786451e+00 8.695100846877873435e-02 1.449224743628861611e-01
1.128617143630981445e+01 3.159865079512819808e+00 8.553467482066230698e-02 1.435756488653711083e-01
1.136498951911926270e+01 3.159638281473890142e+00 8.592964220510120044e-02 1.451398326126874805e-01
1.144574403762817383e+01 3.159613081691786451e+00 8.610044103212506628e-02 1.446553994647294672e-01
1.152706837654113770e+01 3.159965878641232795e+00 8.558054479404425541e-02 1.425757191290703274e-01
