0.000000000000000000e+00 3.053773996857926054e+00 9.297188045457005501e-02 1.378041552565991978e-01
7.978773117065429688e-02 3.052010012110695225e+00 9.183911199930790137e-02 1.371271574708641250e-01
1.595544815063476562e-01 3.052690406227484221e+00 9.116242504052256279e-02 1.379791499754932371e-01
2.403481006622314453e-01 3.052539207534864740e+00 9.192415209896552530e-02 1.378346815862027674e-01
3.201255798339843750e-01 3.047927647409960805e+00 9.181044896149842538e-02 1.386998649331439015e-01
3.999114036560058594e-01 3.049540433464571709e+00 9.287356299382658331e-02 1.378187701327971137e-01
4.796979427337646484e-01 3.050195627799257458e+00 9.267679492089431204e-02 1.372844359757694477e-01
5.599896907806396484e-01 3.052539207534864740e+00 9.252992137227075697e-02 1.380364186355871048e-01
6.398003101348876953e-01 3.051732814507559066e+00 9.242813629448780322e-02 1.374422986569112659e-01
7.205617427825927734e-01 3.051203619083389551e+00 9.163612095730315488e-02 1.381220688119914053e-01
8.003470897674560547e-01 3.050876021916046898e+00 9.227731432148625346e-02 1.379602839445583096e-01
8.801732063293457031e-01 3.052010012110695225e+00 9.345477682360106564e-02 1.378838025798429234e-01
9.619157314300537109e-01 3.050649223877117233e+00 9.215789448503571013e-02 1.372387906219125764e-01
1.039735317230224609e+00 3.051102819954976564e+00 9.176540968000791720e-02 1.363606017472935583e-01
1.121060609817504883e+00 3.051279218429699736e+00 9.213886673721362330e-02 1.384213771924430458e-01
1.200728893280029297e+00 3.052740805791691159e+00 9.123663614297239377e-02 1.396410927409665881e-01
1.280527353286743164e+00 3.055890778554603671e+00 9.245365119419246547e-02 1.378346472149888369e-01
1.362296104431152344e+00 3.056797970710322332e+00 9.300593301898675558e-02 1.389017487739517831e-01
1.440604209899902344e+00 3.060099142165854769e+00 9.152080847937393848e-02 1.393807752642398923e-01
1.520416975021362305e+00 3.059595146523788500e+00 9.350009422975694151e-02 1.387747605308961574e-01
1.600178956985473633e+00 3.058083159597590583e+00 9.258892695311461696e-02 1.400767733325652131e-01
1.680963039398193359e+00 3.056218375721946323e+00 9.224206104347763835e-02 1.377443123465762198e-01
1.761744022369384766e+00 3.055008786180987812e+00 9.227858304393123101e-02 1.399153770467999325e-01
1.840574502944946289e+00 3.053874795986339485e+00 9.304449977837475627e-02 1.382281105052830528e-01
1.921318292617797852e+00 3.052136011021211903e+00 9.241592625463938837e-02 1.373484807210674508e-01
2.000709056854248047e+00 3.051606815597042388e+00 9.195223872463109682e-02 1.390371382333181471e-01
2.080495595932006836e+00 3.051430417122319216e+00 9.289178798449926333e-02 1.378847662194952195e-01
2.160281419754028320e+00 3.051984812328591978e+00 9.315260880985330727e-02 1.380362713370740790e-01
2.240573167800903320e+00 3.050649223877117233e+00 9.190533424815629238e-02 1.392069454390487127e-01
2.320362329483032227e+00 3.051556416032835894e+00 9.180226631736804199e-02 1.384844790147883586e-01
2.403142929077148438e+00 3.050775222787633467e+00 9.190153850080021170e-02 1.375106714059786683e-01
2.480957031250000000e+00 3.052589607099071234e+00 9.320987284433547571e-02 1.361428859830333127e-01
2.560719490051269531e+00 3.054353591846302063e+00 9.159206687419046977e-02 1.384836657405129623e-01
2.640537261962890625e+00 3.056193175939843076e+00 9.388148521610634178e-02 1.375943262244308241e-01
2.721291303634643555e+00 3.056671971799805654e+00 9.114450355686690153e-02 1.370439297399456413e-01
2.802075386047363281e+00 3.055941178118810164e+00 9.162012091520384260e-02 1.372530256524254755e-01
2.880888223648071289e+00 3.057427965262904834e+00 9.258356835469346013e-02 1.392759564981053411e-01
2.960679054260253906e+00 3.056470373542979235e+00 9.258736685033608360e-02 1.372796311418127690e-01
3.041433811187744141e+00 3.055235584219917477e+00 9.219607863407264237e-02 1.402325241541355072e-01
3.121220111846923828e+00 3.057100368095561738e+00 9.130815042988148222e-02 1.389131886194792387e-01
3.202003717422485352e+00 3.057755562430247487e+00 9.257364927708366942e-02 1.395127760843868914e-01
3.281790733337402344e+00 3.055991577683016658e+00 9.194636425007360336e-02 1.391902875985361887e-01
3.361579656600952148e+00 3.057226367006078416e+00 9.296769879874319797e-02 1.379003247347072858e-01
3.441908359527587891e+00 3.056319174850359754e+00 9.319696730098152304e-02 1.378153272916053107e-01
3.521694421768188477e+00 3.056167976157739830e+00 9.143684887271383288e-02 1.370665297880775679e-01
3.601720809936523438e+00 3.056898769838735319e+00 9.141498963680270984e-02 1.382424582155318271e-01
3.681507349014282227e+00 3.056848370274528826e+00 9.239948425495780882e-02 1.395289982218541058e-01
3.761318206787109375e+00 3.056218375721946323e+00 9.262021106217667443e-02 1.382984213751758673e-01
3.842079639434814453e+00 3.056596372453495913e+00 9.235668826442214319e-02 1.391123793331853209e-01
3.921866655349731445e+00 3.055336383348330909e+00 9.201651602656649165e-02 1.383887324511196837e-01
4.001168489456176758e+00 3.056520773107186173e+00 9.311519780818632019e-02 1.385869501841536511e-01
4.082951307296752930e+00 3.057402765480801587e+00 9.339073897793963297e-02 1.388490951508525584e-01
4.161737203598022461e+00 3.057175967441871922e+00 9.216276407968178319e-02 1.377011670339168548e-01
4.243520021438598633e+00 3.056293975068256064e+00 9.176080120273889806e-02 1.389498404035082735e-01
4.321779012680053711e+00 3.055840378990396733e+00 9.111888067915149825e-02 1.384666677418502079e-01
4.401541709899902344e+00 3.055865578772499980e+00 9.164760042572131504e-02 1.377350251224898625e-01
4.481833696365356445e+00 3.051354817776009476e+00 9.097507549463110244e-02 1.380395439218733700e-01
4.563133001327514648e+00 3.050069628888741224e+00 9.179649461019205592e-02 1.373658198667581931e-01
4.643912553787231445e+00 3.050271227145567643e+00 9.249768390162332876e-02 1.394260833364574237e-01
4.722696065902709961e+00 3.053244801433756983e+00 9.215525429208321073e-02 1.385087449870980592e-01
4.802500486373901367e+00 3.055260784002021168e+00 9.143878112118507262e-02 1.387448820950090977e-01
4.883272647857666016e+00 3.057352365916594650e+00 9.220784791386799073e-02 1.385492548525537604e-01
4.962073564529418945e+00 3.058662754585966592e+00 9.297441967380781769e-02 1.380872314152506164e-01
5.042840003967285156e+00 3.059721145434305178e+00 9.405022900653751960e-02 1.394734681302992052e-01
5.122627735137939453e+00 3.059796744780614919e+00 9.296514297552720130e-02 1.384134147342505894e-01
5.202413082122802734e+00 3.058612355021759655e+00 9.272404900518513293e-02 1.385676809512668695e-01
5.282198429107666016e+00 3.056848370274528826e+00 9.348329089773269041e-02 1.385972796429529308e-01
5.361984968185424805e+00 3.056520773107186173e+00 9.162795488981824443e-02 1.387380558771714179e-01
5.442768812179565430e+00 3.056268775286152817e+00 9.244221660497906057e-02 1.383213271163219460e-01
5.522557735443115234e+00 3.056445173760875988e+00 9.266375460649806106e-02 1.388925969106672154e-01
5.601918458938598633e+00 3.055865578772499980e+00 9.363942045149951932e-02 1.390196988951979129e-01
5.683701515197753906e+00 3.055714380079880499e+00 9.273634405592219576e-02 1.374143582723563461e-01
5.762724161148071289e+00 3.056369574414566248e+00 9.324584799029245197e-02 1.385686205566131202e-01
5.843507528305053711e+00 3.057553964173421068e+00 9.298293689914205462e-02 1.395471505599651940e-01
5.923664569854736328e+00 3.058309957636520249e+00 9.207820554490803167e-02 1.387323994399158322e-01
6.004444837570190430e+00 3.057780762212351178e+00 9.232091515828780293e-02 1.381270615713255934e-01
6.084232568740844727e+00 3.058057959815487337e+00 9.218657255029640007e-02 1.364028706930049961e-01
6.163018941879272461e+00 3.058763553714379579e+00 9.259352041306549708e-02 1.383343390226964842e-01
6.243804216384887695e+00 3.058486356111243420e+00 9.242557322556795019e-02 1.379190189289589974e-01
6.323597431182861328e+00 3.058461156329140174e+00 9.287978201764120201e-02 1.375677990316410970e-01
6.402409791946411133e+00 3.058939952189102751e+00 9.261336843696942045e-02 1.375714308090347227e-01
6.484170436859130859e+00 3.058939952189102751e+00 9.135398985703518937e-02 1.395845800126252756e-01
6.562948942184448242e+00 3.060401539551094174e+00 9.143623870739472914e-02 1.384866709439787069e-01
6.642736434936523438e+00 3.061611129092052686e+00 9.160143860155622875e-02 1.386330965366551760e-01
6.722522020339965820e+00 3.062997117107733924e+00 9.168576053831083150e-02 1.388468072462236413e-01
6.802309036254882812e+00 3.063223915146663590e+00 9.062257366673365233e-02 1.395150148198456008e-01
6.884411811828613281e+00 3.064206706648692435e+00 9.097067222624712068e-02 1.389678455314690697e-01
6.962260961532592773e+00 3.064231906430795682e+00 9.278029731359685450e-02 1.383386800314420628e-01
7.043047428131103516e+00 3.064181506866589189e+00 9.170061046224885215e-02 1.400994477632504231e-01
7.122513055801391602e+00 3.063677511224523364e+00 9.224381690360865249e-02 1.388662224791295530e-01
7.202299833297729492e+00 3.063072716454044109e+00 9.294117705156323961e-02 1.382402504784201736e-01
7.282520532608032227e+00 3.063249114928767280e+00 9.215610867071630241e-02 1.388353850302787851e-01
7.362792253494262695e+00 3.063022316889837171e+00 9.208747026044281081e-02 1.386948799826298040e-01
7.442578792572021484e+00 3.063097916236147356e+00 9.160728323901801140e-02 1.387919777223361739e-01
7.523364067077636719e+00 3.062845918415114443e+00 9.239463926048310793e-02 1.385772064684028526e-01
7.604147434234619141e+00 3.063828709917142845e+00 9.178661184410354112e-02 1.395125989962275326e-01
7.682955026626586914e+00 3.065743893356993599e+00 9.185493071012466870e-02 1.388479489905208031e-01
7.763744592666625977e+00 3.067709476361051291e+00 9.307697023518363144e-02 1.393862952336130390e-01
7.843516588211059570e+00 3.069145863940939467e+00 9.212967205545083416e-02 1.380670269410190776e-01
7.924291849136352539e+00 3.071363444766029627e+00 9.156143895416060663e-02 1.399974087161782732e-01
8.003079891204833984e+00 3.073329027770087318e+00 9.335803354343145954e-02 1.377789152186731092e-01
8.083863496780395508e+00 3.076428600968792892e+00 9.286326296329669439e-02 1.390913358934097455e-01
8.163650035858154297e+00 3.079880971116945254e+00 9.233389122904604729e-02 1.390353955336712799e-01
8.243436574935913086e+00 3.081544156735763096e+00 9.243407321529946430e-02 1.404591412283378027e-01
8.325217485427856445e+00 3.085399723397567850e+00 9.244342390460780212e-02 1.402337240351598791e-01
8.403033971786499023e+00 3.088801693981513274e+00 9.214205526604767049e-02 1.391073500133161167e-01
8.483793973922729492e+00 3.090565678728744547e+00 9.198974455491959468e-02 1.399245993963640078e-01
8.563596248626708984e+00 3.093438453888520456e+00 9.302511710310953919e-02 1.404416329278993791e-01
8.643746614456176758e+00 3.095908032534643972e+00 9.282647774380120564e-02 1.388626350309458135e-01
8.723526239395141602e+00 3.096185230137780131e+00 9.291770542500057961e-02 1.407396884307185181e-01
8.803312778472900391e+00 3.098906806604936559e+00 9.218967074152248364e-02 1.401689688178572313e-01
8.884096860885620117e+00 3.101099187647923916e+00 9.321768202375624313e-02 1.393500282413102087e-01
8.963884592056274414e+00 3.102686773920431573e+00 9.292165994035601895e-02 1.388321534515163935e-01
9.043669700622558594e+00 3.103719964986666913e+00 9.249354073215118599e-02 1.398771949780256985e-01
9.123485326766967773e+00 3.105005153873935164e+00 9.379520712507287417e-02 1.407861488206929301e-01
9.203266859054565430e+00 3.107121935570612337e+00 9.278902189422058577e-02 1.390055940800090650e-01
9.284055709838867188e+00 3.108457524022087526e+00 9.260043589749829274e-02 1.403821514349060107e-01
9.368820428848266602e+00 3.110095509858802121e+00 9.438488904066057172e-02 1.396647048836687499e-01
9.443601846694946289e+00 3.112338290465995527e+00 9.194035322268881427e-02 1.401081788170664699e-01
9.524385213851928711e+00 3.114908668240532474e+00 9.218604038042159388e-02 1.387569529939341462e-01
9.604170322418212891e+00 3.115337064536288558e+00 9.172819489796339709e-02 1.402945274770013295e-01
9.683956861495971680e+00 3.117781443400308383e+00 9.311429924564086635e-02 1.388513050234135848e-01
9.765765428543090820e+00 3.118764234902337229e+00 9.222030208869716472e-02 1.407820827906361427e-01
9.843618154525756836e+00 3.122040206575766419e+00 9.360424488265998988e-02 1.413986881150717245e-01
9.923771142959594727e+00 3.126777765611186588e+00 9.289567427400120814e-02 1.403474211388015258e-01
1.000397229194641113e+01 3.129096145564690179e+00 9.317156681858965173e-02 1.418916473291157443e-01
1.008375954627990723e+01 3.133153310483321352e+00 9.297714472712748091e-02 1.411182703723427856e-01
1.016605448722839355e+01 3.136152084553614383e+00 9.360069655093326835e-02 1.411551474618765734e-01
1.024435043334960938e+01 3.139428056227043129e+00 9.311035579206475288e-02 1.407626609775080584e-01
1.032413673400878906e+01 3.141544837923720301e+00 9.385695203790385410e-02 1.407903281247836202e-01
1.040394783020019531e+01 3.145022407853975910e+00 9.375317086504561526e-02 1.415157722172028509e-01
1.048470854759216309e+01 3.147013190640136404e+00 9.332662316622244991e-02 1.421355932618402762e-01
1.056549143791198730e+01 3.151019955994561528e+00 9.230324442515758232e-02 1.403181135510235822e-01
