0.000000000000000000e+00 3.012169156605377651e+00 8.605881100520491878e-02 1.263097930513322475e-01
7.979083061218261719e-02 3.010707569243386228e+00 8.698407438820252024e-02 1.266233035091517134e-01
1.591260433197021484e-01 3.011035166410729325e+00 8.644457728946261521e-02 1.269877734573790773e-01
2.399115562438964844e-01 3.011740760309621567e+00 8.576824695902741935e-02 1.261008649387640457e-01
3.196940422058105469e-01 3.011614761399105333e+00 8.700834172605952099e-02 1.257027555053633894e-01
3.997018337249755859e-01 3.013101548543200003e+00 8.550251062346733710e-02 1.261951095995818561e-01
4.804861545562744141e-01 3.012925150068476832e+00 8.545706886053291984e-02 1.260764949268182999e-01
5.598053932189941406e-01 3.013101548543200003e+00 8.709152012852081071e-02 1.269510836339202142e-01
6.405949592590332031e-01 3.013681143531576012e+00 8.551128419423463523e-02 1.263723939008772335e-01
7.193784713745117188e-01 3.013555144621059334e+00 8.614532389909938803e-02 1.258737707908670622e-01
8.001677989959716797e-01 3.013882741788401987e+00 8.661506111665022434e-02 1.263135556607236087e-01
8.829243183135986328e-01 3.014134739609435343e+00 8.552362935844430580e-02 1.267564241104245371e-01
9.597301483154296875e-01 3.013958341134712171e+00 8.547820440905885830e-02 1.267386508351566188e-01
1.039522647857666016e+00 3.012748751593753660e+00 8.672333876314956835e-02 1.268903435213500630e-01
1.120281696319580078e+00 3.012194356387480898e+00 8.636085067671228632e-02 1.266868372102162577e-01
1.200086832046508789e+00 3.011161165321246003e+00 8.517902879005519179e-02 1.263016447223682392e-01
1.283849239349365234e+00 3.009094783188775324e+00 8.735902274047399607e-02 1.263379122272440536e-01
1.359660625457763672e+00 3.006801603017374980e+00 8.585858471834975636e-02 1.258029673272857696e-01
1.441459655761718750e+00 3.006927601927891214e+00 8.595608363964539478e-02 1.265047203036835377e-01
1.520234107971191406e+00 3.005541613912209975e+00 8.574286362979034737e-02 1.269672575175128937e-01
1.600020647048950195e+00 3.005541613912209975e+00 8.607157923434748115e-02 1.256030815096468300e-01
1.680804491043090820e+00 3.005566813694313222e+00 8.617199999335967142e-02 1.265619960674752575e-01
1.760591745376586914e+00 3.004432823499664451e+00 8.729221601162857891e-02 1.254219889376188279e-01
1.840388536453247070e+00 3.004180825678631539e+00 8.603467482397179900e-02 1.267467556400792283e-01
1.920520544052124023e+00 3.005340015655383556e+00 8.476240229805290238e-02 1.276579082416067490e-01
2.000324726104736328e+00 3.006499205632135130e+00 8.584194271830504486e-02 1.259418931062049607e-01
2.080677986145019531e+00 3.008288390161469650e+00 8.680139720109671109e-02 1.263970174523957879e-01
2.160982608795166016e+00 3.010531170768663500e+00 8.486868285722491689e-02 1.251931458353509885e-01
2.240752220153808594e+00 3.012320355297997576e+00 8.698796123931393232e-02 1.262026304517513409e-01
2.321043014526367188e+00 3.015999523485079603e+00 8.728501626081272557e-02 1.263759519186057334e-01
2.401833534240722656e+00 3.016352320434525502e+00 8.528438722624877288e-02 1.267890944120187158e-01
2.480645895004272461e+00 3.017889507142827110e+00 8.728071785578468689e-02 1.264226034846738789e-01
2.560426712036132812e+00 3.017561909975484014e+00 8.681167662861742629e-02 1.269647279908349968e-01
2.640213727951049805e+00 3.017662709103897001e+00 8.587695961207358897e-02 1.265579102414237656e-01
2.721983194351196289e+00 3.017687908886000692e+00 8.575032228264219125e-02 1.262297625249642619e-01
2.800765037536621094e+00 3.018443902349099428e+00 8.610651140630465328e-02 1.266006198205696653e-01
2.880570650100708008e+00 3.017511510411277520e+00 8.651090044817751068e-02 1.255577594072957714e-01
2.960382461547851562e+00 3.018847098862752265e+00 8.682506774762920043e-02 1.271118857424210491e-01
3.040169477462768555e+00 3.018343103220686441e+00 8.517777978571543229e-02 1.273091981995951860e-01
3.121933221817016602e+00 3.018267503874376256e+00 8.656476944384039474e-02 1.263313027686472911e-01
3.200715303421020508e+00 3.020031488621607529e+00 8.643871392134598597e-02 1.268860460860817274e-01
3.280502319335937500e+00 3.020611083609983538e+00 8.672404407076216015e-02 1.272890194642816164e-01
3.360288381576538086e+00 3.021845872933044852e+00 8.528024114122136068e-02 1.277897832576836701e-01
3.440608739852905273e+00 3.022803464652970451e+00 8.723939745413644697e-02 1.269706348903041904e-01
3.520401239395141602e+00 3.023433459205552953e+00 8.792503240623593397e-02 1.270697430569999176e-01
3.600695371627807617e+00 3.023433459205552953e+00 8.614036353734859375e-02 1.261907872853690327e-01
3.680484533309936523e+00 3.023861855501309037e+00 8.708319943332094859e-02 1.265495515585968178e-01
3.761241197586059570e+00 3.021871072715148543e+00 8.661243637577095700e-02 1.274872055281576211e-01
3.841045618057250977e+00 3.020611083609983538e+00 8.659824573173380280e-02 1.271633370294765197e-01
3.920846223831176758e+00 3.021266277944669287e+00 8.507021326411462470e-02 1.267587947441157492e-01
4.000628232955932617e+00 3.018242304092273010e+00 8.704390104590177535e-02 1.274643871856772914e-01
4.081408262252807617e+00 3.019502293197438014e+00 8.592531605716056953e-02 1.265059525503076376e-01
4.162932395935058594e+00 3.020031488621607529e+00 8.558312104475417070e-02 1.255284152879295179e-01
4.240751028060913086e+00 3.022828664435073698e+00 8.746494107727280365e-02 1.273212290525802259e-01
4.321526288986206055e+00 3.025877838069573222e+00 8.679913761689997398e-02 1.260386617799312825e-01
4.401293516159057617e+00 3.027515823906287373e+00 8.577318722567649212e-02 1.263968164153456974e-01
4.481106758117675781e+00 3.030716196233406823e+00 8.598352190603732181e-02 1.261130279889449701e-01
4.562370061874389648e+00 3.034470963766798590e+00 8.575190459876351479e-02 1.266826079585716691e-01
4.641683101654052734e+00 3.039006924545392341e+00 8.632411939371846532e-02 1.261187590926964863e-01
4.721968650817871094e+00 3.044021681183949113e+00 8.628177272915329987e-02 1.257862737341821080e-01
4.801763534545898438e+00 3.047600050242617709e+00 8.780135995877164090e-02 1.270835857796263901e-01
4.881565332412719727e+00 3.053572398601099636e+00 8.718164758689640748e-02 1.266112421713206926e-01
4.962320804595947266e+00 3.059292749138549095e+00 8.808681953809388565e-02 1.272927914296356489e-01
5.041134119033813477e+00 3.063299514492973774e+00 8.747542171802411004e-02 1.264818525502119928e-01
5.121893405914306641e+00 3.067381879193708194e+00 8.847392280505553264e-02 1.275511789774124993e-01
5.201682329177856445e+00 3.070884648906067049e+00 8.755632935671393835e-02 1.283205133077298110e-01
5.281492233276367188e+00 3.074614216657355570e+00 8.737596852520312929e-02 1.277944332205891431e-01
5.361282825469970703e+00 3.077915388112887562e+00 8.617114860648943109e-02 1.282494132038282664e-01
5.442055940628051758e+00 3.081292158914729740e+00 8.785253571860264510e-02 1.270985653494903223e-01
5.521842718124389648e+00 3.083282941700890678e+00 8.762327413955485478e-02 1.273366338441314083e-01
5.602624416351318359e+00 3.086735311849042596e+00 8.747603018344186909e-02 1.273663998120845853e-01
5.681415557861328125e+00 3.088700894853100287e+00 8.884745392732892877e-02 1.270395229870687481e-01
5.761949062347412109e+00 3.092002066308632280e+00 8.875259607390202643e-02 1.271248944413520543e-01
5.841735839843750000e+00 3.093488853452727394e+00 8.802206548981068857e-02 1.274810491787505828e-01
5.921516895294189453e+00 3.096059231227263897e+00 8.760533704099321417e-02 1.285033141483598318e-01
6.002306461334228516e+00 3.097016822947189052e+00 8.804448987406544858e-02 1.286351956238443450e-01
6.082094192504882812e+00 3.098780807694420325e+00 8.755292060293765055e-02 1.285619698821351964e-01
6.161870241165161133e+00 3.100317994402721489e+00 8.726438216856530206e-02 1.283023048536804378e-01
6.242654323577880859e+00 3.102006379803642577e+00 8.716788621881801924e-02 1.274002562651827264e-01
6.322605609893798828e+00 3.104979954091831917e+00 8.715783543865961158e-02 1.277917706920393415e-01
6.403363466262817383e+00 3.105987945375964010e+00 8.808380520996286767e-02 1.282881000921059222e-01
6.482182264328002930e+00 3.108759921407326932e+00 8.900756076027588337e-02 1.276119638617745355e-01
6.562968730926513672e+00 3.110347507679835033e+00 8.840015232121109512e-02 1.286941580192357548e-01
6.642747640609741211e+00 3.112539888722821946e+00 8.819138640334994728e-02 1.277985049773709136e-01
6.723544120788574219e+00 3.113346281750127620e+00 8.846146684479325173e-02 1.282043834060594967e-01
6.806310176849365234e+00 3.115488263228908039e+00 8.840064722117157991e-02 1.282868364347226897e-01
6.882107496261596680e+00 3.116345055820420207e+00 8.742525898556423314e-02 1.284464802446931564e-01
6.962897539138793945e+00 3.118008241439238049e+00 8.906041437986474130e-02 1.284023165424350299e-01
7.042673826217651367e+00 3.118865034030750216e+00 8.830493653117914288e-02 1.303876453468684471e-01
7.122462034225463867e+00 3.121788208754733063e+00 8.737020119248163630e-02 1.293656460800393648e-01
7.203223943710327148e+00 3.120805417252704661e+00 8.971114687819514710e-02 1.293820559164941542e-01
7.282550573348999023e+00 3.120326621392741639e+00 8.763032694957915980e-02 1.287449122681932345e-01
7.362336397171020508e+00 3.120780217470601414e+00 8.851861807463951015e-02 1.297237160274152812e-01
7.443131923675537109e+00 3.121813408536836310e+00 8.797809709382600762e-02 1.288052046209150481e-01
7.522912979125976562e+00 3.122141005704179406e+00 8.813925625470979408e-02 1.299833236673840764e-01
7.603688001632690430e+00 3.123829391105100495e+00 8.882146832287597660e-02 1.288922208361343025e-01
7.682480335235595703e+00 3.125265778684988671e+00 8.754047064762149333e-02 1.273267068283965298e-01
7.762744903564453125e+00 3.125668975198641508e+00 8.779663253794188493e-02 1.286949044089271410e-01
7.844607114791870117e+00 3.127281761253252412e+00 8.886922252420825785e-02 1.290412790257868259e-01
7.922415494918823242e+00 3.128667749268934095e+00 8.916992378048925472e-02 1.297364325520412587e-01
8.002750396728515625e+00 3.129524541860446263e+00 8.844127325509537618e-02 1.284878292201724614e-01
8.083507776260375977e+00 3.130784530965611268e+00 8.862414853651208457e-02 1.290181652894333286e-01
8.162822484970092773e+00 3.129751339899375928e+00 8.867768737450801297e-02 1.291577963887662606e-01
8.245588302612304688e+00 3.130784530965611268e+00 8.974076587359675061e-02 1.292606845377765601e-01
8.324557065963745117e+00 3.130330934887751937e+00 8.955954717057612591e-02 1.294006920654889037e-01
8.403615474700927734e+00 3.129978137938305593e+00 8.930255593444386131e-02 1.289786304112285065e-01
8.483401298522949219e+00 3.128995346436277192e+00 8.777616223618601998e-02 1.292617994527213154e-01
8.563202142715454102e+00 3.129650540770962941e+00 8.953045147676491622e-02 1.290891741393327130e-01
8.644953012466430664e+00 3.128088154280558086e+00 8.848188462542369570e-02 1.293963786187180831e-01
8.723741531372070312e+00 3.129096145564690179e+00 8.881769233286332388e-02 1.291120454146132690e-01
8.803551197052001953e+00 3.129549741642549510e+00 8.933906420720826025e-02 1.293116853929587584e-01
8.883338451385498047e+00 3.127836156459525174e+00 8.970387184681977155e-02 1.288484835294242958e-01
8.963124513626098633e+00 3.127281761253252412e+00 8.993848759156346240e-02 1.287013717846758609e-01
9.043908357620239258e+00 3.127281761253252412e+00 8.843179590574475057e-02 1.292840699122946579e-01
9.123671531677246094e+00 3.126399768879636998e+00 8.872413518507907271e-02 1.290291111390593493e-01
9.203476667404174805e+00 3.126172970840707332e+00 8.919246381908722821e-02 1.280183885632346641e-01
9.283264160156250000e+00 3.123073397642001314e+00 8.986500654138640520e-02 1.280968200416885971e-01
9.363595485687255859e+00 3.122090606139972913e+00 8.838409793000870374e-02 1.277723513031466807e-01
9.443377256393432617e+00 3.119671427058055890e+00 8.823338937206905153e-02 1.291613643803446732e-01
9.524146318435668945e+00 3.117655444489792149e+00 8.882672740425119617e-02 1.291718223691481759e-01
9.604979038238525391e+00 3.117126249065622634e+00 8.923189798115835347e-02 1.280976333901296116e-01
9.683768033981323242e+00 3.115286664972081621e+00 8.777209657672775667e-02 1.283926284989890254e-01
9.763554334640502930e+00 3.113976276302710122e+00 8.810189562685588616e-02 1.274469612591294376e-01
9.843340873718261719e+00 3.113094283929094708e+00 8.807803192853903840e-02 1.292391302137058939e-01
9.924183845520019531e+00 3.113598279571160532e+00 8.842989897395746313e-02 1.284866367056936298e-01
1.000399923324584961e+01 3.112917885454371536e+00 8.888867222830217074e-02 1.290757159216827377e-01
1.008526110649108887e+01 3.110624705282971192e+00 8.844113792526378526e-02 1.288047351784997741e-01
1.016464138031005859e+01 3.108860720535740363e+00 8.841798349589426176e-02 1.286580131433767427e-01
1.024443387985229492e+01 3.108558323150500513e+00 8.893998958310241065e-02 1.279621944033734748e-01
1.032522463798522949e+01 3.105609948644414420e+00 8.758063396969840986e-02 1.278147442734014205e-01
1.040400719642639160e+01 3.103518366729840494e+00 8.869262276239429921e-02 1.285369733926553792e-01
1.048478674888610840e+01 3.100443993313238167e+00 8.900117611366799297e-02 1.287378972954076051e-01
1.056358051300048828e+01 3.099209203990176409e+00 8.844811760758256036e-02 1.286911931157640743e-01
1.064635825157165527e+01 3.098226412488147563e+00 8.749499914371165754e-02 1.277762509826861625e-01
1.072414493560791016e+01 3.095555235585197629e+00 8.806151012996445149e-02 1.273959515008854515e-01
1.080394029617309570e+01 3.094698442993685461e+00 8.941198720677345779e-02 1.280445900426843975e-01
1.088469815254211426e+01 3.092455662386492055e+00 8.741251972703417694e-02 1.291441063787068522e-01
1.096451282501220703e+01 3.091624069577083134e+00 8.822264859534773018e-02 1.280000063640245045e-01
1.104430270195007324e+01 3.091246072845533543e+00 8.793841920574803350e-02 1.280156581700935547e-01
